#Odometry calibration parameters
omni:
  # wheel motor limits
  max_wheel_vel: 20
  max_wheel_accel: 10
  # hand calibration
  calibration_direct:  [4.06846501125e-12, -66443.0758988, 14617.4766977, -57108.9555135, 32971.8708389, 14477.6073398, 57198.6139358, 33023.6351531, 14500.3365147]
  calibration_inverse: [9.70498188881e-22, -8.75519426864e-06, 8.74147056362e-06, -1.0026722147e-05, 5.0617955681e-06, 5.05386123939e-06, 2.28352503151e-05, 2.30081616732e-05, 2.29720965427e-05]
navigation:
  min_dist: 0.3
  max_dist: 0.5
  vref: 0.15
  obs_mult: 5
  max_lin_accel: 0.5
  max_ang_accel: 0.5
